THRESHOLD: 16464
#Best solution: 16014
FACILITIES: 5
CUSTOMERS: 25
MAXBANDWIDTH: 300
MAXCUSTOMERS: 6 11 2 8 5
DISTANCECOSTS: 10
OPENINGCOSTS: 179 196 168 187 174

#bandwidth; dist_0 dist_1 ...
28; 114 174 222 134 124
68; 13 119 125 70 102
99; 128 258 257 207 228
37; 67 67 104 17 50
7; 138 97 174 87 46
3; 50 171 183 121 141
82; 104 46 113 29 15
32; 154 195 253 161 141
35; 23 116 131 66 93
1; 139 120 192 102 66
19; 88 49 65 27 68
122; 149 58 38 86 110
104; 39 108 95 65 107
125; 33 102 121 52 81
75; 113 127 56 112 156
19; 32 109 130 59 84
11; 71 77 123 32 44
26; 40 96 119 46 74
14; 82 118 167 77 70
40; 51 85 113 34 64
4; 80 102 153 62 56
23; 69 75 119 29 45
4; 61 161 187 113 124
6; 51 101 135 52 68
16; 114 142 200 108 89
