THRESHOLD: 13518
#Best solution: 12298
FACILITIES: 8
CUSTOMERS: 19
MAXBANDWIDTH: 262
MAXCUSTOMERS: 10 3 1 1 19 3 1 3
DISTANCECOSTS: 10
OPENINGCOSTS: 746 558 1569 628 1237 721 1256 1999

#bandwidth; dist_0 dist_1 ...
17; 31 110 86 40 49 134 189 114
112; 29 55 108 25 17 75 143 110
60; 18 76 70 40 22 110 150 82
9; 24 99 101 21 40 118 183 122
42; 27 56 80 42 14 91 132 81
65; 43 69 128 25 38 74 160 133
23; 31 54 79 46 18 91 129 78
21; 99 43 110 109 83 86 61 76
45; 79 30 101 89 63 77 80 75
110; 91 38 105 101 74 83 69 73
31; 57 55 68 73 45 100 110 54
10; 86 54 85 100 72 101 82 52
3; 124 51 144 130 107 78 38 108
36; 46 58 67 63 36 101 121 60
18; 76 68 63 94 66 115 103 36
90; 114 133 32 135 113 180 153 33
139; 65 87 36 85 62 132 133 36
4; 99 95 55 118 92 142 111 10
165; 45 108 48 65 56 144 173 80
